8.48252 
35.96504 
20.93009 
-49.13982 
-35.94631 
-22.22595 
-66.45191 
-122.90382 
-103.47430 
58.38473 
119.76947 
-195.12773 
-192.25546 
-8.17759 
-4.02185 
-32.04370 
3.57927 
120.82520 
130.65040 
-34.03253 
-24.39839 
-72.79678 
-24.26022 
-67.18711 
-117.37422 
-118.41510 
-71.16353 
193.33960 
201.01253 
51.35840 
121.05012 
261.43358 
282.20049 
289.06765 
157.80197 
30.93728 
30.20790 
31.74913 
39.83160 
51.66319 
-50.67362 
-2.68057 
-27.69447 
45.27772 
73.55545 
18.11090 
31.22179 
34.11026 
73.88718 
115.77436 
120.88205 
82.76411 
31.19488 
33.72309 
-8.22048 
5.22570 
-9.21526 
-2.09719 
17.80563 
41.27792 
70.55584 
27.44502 
-8.77663 
-143.88660 
-131.10653 
5.12028 
10.57389 
37.48112 
1.96224 
-70.74218 
-60.48437 
-3.63540 
-66.93746 
-149.87492 
-205.41651 
12.16697 
-43.33272 
18.33455 
21.66910 
-0.66179 
81.67641 
28.01949 
-18.62768 
98.07797 
111.15593 
-16.02147 
-13.70961 
-87.75256 
13.82822 
-59.34357 
-16.02047 
34.29240 
43.58479 
-3.16375 
14.67250 
-19.98834 
30.02332 
108.37997 
31.42660 
18.85319 
87.03972 
37.41277 
3.15888 
-47.34890 
-143.03114 
-162.72895 
-119.79123 
-199.58246 
-340.49826 
-491.32985 
-406.99304 
-219.65275 
23.02784 
89.05568 
97.11135 
122.88938 
167.44542 
53.55750 
26.11500 
-23.43666 
-26.87332 
39.25335 
30.17337 
17.68008 
3.36016 
61.72032 
46.44065 
-34.78537 
-21.90408 
-110.14148 
-80.61630 
-45.56594 
-131.79854 
-100.26375 
-147.52749 
-73.72165 
-136.77663 
-75.55327 
63.56013 
98.45359 
142.57385 
128.48104 
3.96207 
57.25748 
120.51496 
115.69658 
113.72650 
-24.88033 
-65.09400 
5.81199 
66.29065 
23.24797 
-104.83739 
-99.00810 
-106.01621 
-80.03241 
-57.06483 
-42.46299 
25.07402 
-6.85196 
-106.37060 
-70.40786 
-91.48239 
-113.63144 
8.07046 
39.47425 
-48.71817 
24.56367 
-19.87266 
-64.41199 
-97.49065 
-67.64796 
11.37074 
88.40815 
91.14964 
98.29929 
110.59857 
58.19714 
91.39429 
11.78857 
92.24381 
102.15428 
116.64190 
116.95046 
105.23425 
115.46851 
14.27035 
25.20736 
36.08138 
38.16277 
-3.67447 
54.31773 
88.30213 
123.93760 
93.87520 
-51.58293 
-55.49918 
-70.66504 
-62.99674 
-136.32681 
-186.98695 
-94.30723 
47.71887 
-12.22893 
-25.79119 
-18.58238 
-25.83142 
47.33715 
-11.99236 
75.68194 
83.36388 
-3.93891 
110.12219 
118.57771 
14.48875 
-131.68917 
-94.37834 
-76.42334 
-80.51334 
-107.02669 
-197.05338 
-119.77342 
-60.21351 
38.57297 
33.14595 
146.29190 
59.58380 
1.16759 
26.33518 
69.67037 
128.67407 
109.68146 
51.69626 
-63.94081 
-10.21495 
9.57010 
-9.52647 
-188.05294 
-188.10588 
-39.21175 
-57.09017 
-27.18034 
-213.69402 
-210.72138 
-140.77609 
-8.88551 
-49.77102 
-163.20870 
-232.41739 
-209.83479 
-101.66957 
-39.67248 
-176.34496 
-81.68992 
-81.04651 
69.57365 
191.81397 
100.62793 
70.92253 
92.17839 
127.69011 
39.71355 
6.42710 
-208.47914 
-421.29161 
-352.58323 
-16.16645 
-2.99957 
47.00087 
88.00173 
50.67013 
73.34026 
-6.31949 
13.02770 
123.05539 
99.44411 
72.22156 
8.77645 
-33.78042 
79.43915 
-34.12170 
13.42327 
-45.48679 
-15.97359 
89.71949 
232.10564 
86.21128 
30.75590 
82.17846 
117.35692 
-9.95283 
-57.23900 
21.52200 
-109.95600 
-143.24534 
-298.15735 
-321.64804 
-3.62941 
41.07452 
93.14903 
46.29807 
59.26281 
25.85894 
-98.61544 
9.10244 
-37.46178 
-105.25689 
-163.84711 
-164.69422 
-98.05511 
-13.77689 
-89.55377 
-100.77421 
-41.88176 
-100.09685 
-4.19370 
128.94594 
226.89188 
139.78377 
118.90086 
174.80173 
363.27013 
119.54025 
0.41383 
5.82767 
-56.67800 
2.97734 
48.62134 
105.90934 
6.81869 
52.30404 
51.27475 
79.54951 
4.76568 
-64.46864 
30.39605 
0.12544 
-14.08245 
1.50176 
43.33686 
127.67372 
19.34745 
7.36156 
-150.94354 
-174.55374 
144.89251 
-43.21498 
9.23671 
127.14009 
130.61352 
5.56038 
-163.21258 
-11.09183 
-86.51699 
-91.36732 
-195.40130 
-159.46927 
-220.93854 
-140.87707 
-57.08748 
-140.17495 
-207.68324 
-0.69980 
200.26706 
329.20078 
31.06823 
36.46979 
169.93958 
175.21249 
53.42498 
84.84996 
106.36659 
346.73317 
403.13301 
256.59935 
78.86537 
-35.26925 
-22.20517 
-20.07701 
21.17932 
12.35865 
-2.28271 
-54.23208 
-18.46416 
51.07167 
96.14335 
114.95337 
133.24007 
79.48013 
-10.70640 
-45.74614 
-58.49228 
-77.31788 
-175.96910 
-136.93820 
24.12360 
68.24719 
166.16105 
256.65544 
92.97755 
-55.37824 
13.91019 
20.15371 
51.64076 
12.28152 
76.89638 
63.12609 
37.58552 
-35.82897 
12.00873 
7.35080 
-299.96507 
-67.93014 
142.47305 
204.61277 
188.22553 
-111.21560 
-93.09787 
-63.52907 
23.94185 
21.21704 
16.43407 
-94.79852 
-268.59704 
-155.86075 
-12.05483 
-49.77633 
-76.21933 
-89.77199 
-95.87731 
-44.75462 
29.82410 
49.31487 
166.96308 
135.25949 
179.85232 
-25.96204 
41.07593 
81.48519 
147.63705 
56.60743 
-28.78513 
-105.90360 
-41.80719 
77.38561 
91.77122 
-71.45755 
-7.58177 
-40.16354 
-114.66042 
-113.32084 
-159.30834 
-242.95001 
31.43332 
25.86664 
83.39995 
33.79989 
7.26645 
-21.80044 
-0.93421 
28.79825 
26.26317 
-53.14033 
-255.61398 
-433.22797 
-160.12260 
31.08813 
42.84293 
52.68586 
66.70506 
89.74345 
51.48690 
-16.02619 
-36.38572 
-69.10478 
143.45711 
109.58089 
20.82845 
166.32356 
23.31378 
-20.03910 
-10.41154 
-44.15640 
-30.31281 
4.37439 
70.74877 
163.49755 
340.99509 
280.32352 
-17.01963 
-27.03927 
-20.07854 
44.17625 
132.68584 
157.03835 
160.41003 
96.15340 
5.30680 
-25.38640 
-103.10613 
-216.21227 
-109.75787 
28.15093 
240.63518 
331.60370 
318.54074 
-12.58519 
-0.50371 
-99.34076 
-35.34818 
-80.69636 
-88.39271 
28.21457 
135.42914 
41.19162 
63.38324 
-30.23353 
-44.46706 
-81.93412 
-37.86823 
-74.06980 
21.52707 
65.72081 
99.44162 
85.21657 
41.09980 
152.19960 
83.39919 
143.46505 
300.59677 
429.19354 
117.05375 
-49.55917 
-38.78501 
2.76331 
-54.14005 
-51.94676 
-44.56019 
-76.78706 
-52.57411 
-22.81489 
46.70356 
188.40711 
186.81422 
136.29511 
201.59023 
46.51379 
61.69425 
76.38850 
32.44367 
-61.44599 
8.10803 
76.54939 
131.09879 
133.86424 
197.72848 
46.12362 
12.24724 
-10.83886 
-37.01105 
-81.35543 
-113.37752 
-63.42171 
43.15659 
-33.35349 
-144.37365 
-173.74730 
-37.49460 
-25.32253 
133.68826 
175.37653 
249.08639 
146.50612 
42.67890 
-5.30886 
-29.28439 
-11.56878 
27.19577 
-11.94179 
-59.55025 
-2.43384 
12.13232 
-25.73536 
-16.80405 
-69.60811 
-31.88288 
29.56757 
28.80181 
80.93696 
184.20725 
234.08117 
173.49567 
28.65800 
-20.35067 
20.63199 
35.26398 
-28.80537 
-135.27742 
-25.88816 
33.89034 
31.44734 
-20.77198 
-31.87730 
-80.42126 
-73.50919 
4.98162 
2.29657 
-59.07353 
-126.14705 
-155.96077 
-124.58820 
-29.84307 
15.64719 
27.96105 
-20.74457 
-73.15580 
-99.64494 
41.37679 
44.08691 
129.84048 
74.34762 
8.02858 
151.05717 
136.11433 
87.89533 
123.79066 
120.24798 
-72.50403 
157.32527 
132.31721 
180.63441 
292.60215 
346.20431 
303.40861 
211.48389 
12.30112 
-47.73109 
-62.46218 
-1.92435 
44.15129 
-2.36408 
8.93851 
36.54368 
66.75403 
126.17473 
42.68279 
95.03226 
27.39785 
-26.53764 
-51.74195 
-47.81724 
-4.63448 
18.39771 
50.79543 
68.59085 
92.84837 
0.36340 
51.06014 
17.45362 
-1.75943 
-8.85220 
-67.70440 
-106.07547 
-12.81761 
5.03145 
-12.60376 
-92.20752 
-145.08171 
-129.49676 
-15.99352 
12.67963 
20.69259 
58.05185 
104.10370 
104.54074 
74.08148 
59.49630 
-34.67406 
-30.01480 
-89.36292 
-197.39251 
-233.45169 
-165.57005 
-36.80677 
-137.28021 
-94.56043 
246.54581 
151.42496 
3.18325 
32.36651 
23.39968 
15.46602 
-9.73462 
33.19742 
47.72817 
-42.21033 
-35.08732 
-31.84131 
-55.01596 
39.30142 
87.93617 
37.87235 
61.74469 
48.15605 
14.97877 
-108.37579 
-87.75157 
-50.50315 
-107.33962 
-61.34592 
-144.02516 
-133.38366 
-7.76732 
-1.20131 
-14.73595 
29.52810 
28.05620 
-141.55427 
-34.77520 
-26.55040 
26.23253 
74.46506 
54.93012 
-42.13976 
-28.27952 
53.77430 
25.21527 
13.76387 
-61.13893 
-100.94454 
4.44426 
-4.77814 
52.11038 
124.55410 
164.10820 
163.88307 
17.43282 
12.53230 
-8.26874 
-45.20414 
-51.07494 
-90.14989 
-32.29977 
64.40045 
61.13424 
127.93515 
216.20363 
151.74059 
17.14784 
-8.70432 
5.59136 
98.51605 
148.36544 
131.39755 
-49.53824 
-150.07648 
-148.15297 
-55.97260 
-16.27854 
42.10959 
32.55251 
-58.56165 
-52.45662 
-54.24658 
-138.15983 
-75.98632 
63.36069 
-61.61195 
-38.89057 
-42.44781 
-34.22895 
-88.45790 
86.75087 
128.50174 
134.33681 
91.34029 
-28.31942 
25.02783 
-26.27767 
-63.88868 
-104.77735 
-175.55470 
-159.77607 
-38.21881 
25.22904 
68.79142 
48.24951 
74.83235 
200.99803 
186.32939 
-63.00788 
-3.68243 
44.63515 
172.27029 
204.54058 
230.74784 
151.82900 
-10.67532 
-37.68398 
-117.03463 
-32.40260 
-115.13853 
-92.94372 
17.77923 
136.89179 
181.45024 
135.90048 
79.80096 
16.26858 
125.20382 
106.07431 
148.14862 
199.63057 
301.26113 
235.18893 
70.04453 
58.42239 
46.51146 
138.68958 
180.71249 
80.75831 
37.84995 
69.03324 
136.73315 
198.13296 
138.93258 
-11.46817 
26.06366 
-6.87268 
-0.41203 
-5.49072 
-92.64810 
35.37046 
16.07426 
8.48186 
-60.03629 
-43.40591 
-56.14515 
-53.62363 
30.41940 
-6.16120 
-102.98906 
-69.64479 
-162.28957 
-80.57915 
-15.15829 
-57.98325 
-95.63317 
-126.93301 
-139.19935 
-49.73204 
-59.13075 
-22.26150 
75.14367 
62.95401 
8.24136 
-39.85061 
66.29877 
105.93088 
208.52843 
216.39019 
152.11371 
54.56075 
-25.54516 
-100.42366 
-92.51398 
-20.69464 
-43.72260 
-49.77854 
50.10958 
83.88583 
73.77166 
-37.12334 
-2.91335 
34.50664 
35.67994 
9.02654 
-28.28025 
32.10618 
80.87902 
-12.90863 
-29.48393 
10.69882 
-22.26904 
12.79526 
211.25719 
87.18104 
-47.63792 
-86.94250 
-66.55167 
-149.43668 
-18.54003 
15.25327 
49.17321 
78.34642 
3.02617 
-164.28099 
-163.89532 
-84.45731 
64.08538 
87.50410 
153.67486 
237.34972 
72.69945 
117.06557 
2.79780 
54.92893 
51.85786 
11.71572 
109.76476 
190.52953 
287.72572 
798.11811 
53.23623 
-86.19421 
-95.05508 
2.88984 
-52.55366 
-116.44065 
-121.54796 
42.57075 
96.80816 
186.94965 
35.23264 
1.46528 
-10.40278 
-43.13889 
-3.61111 
16.44444 
28.22221 
132.44442 
203.22218 
177.44436 
171.88873 
21.11079 
9.55492 
0.77650 
6.55299 
122.43932 
66.21197 
61.75728 
20.84789 
-9.97088 
-34.94176 
2.78315 
21.23297 
3.13260 
-15.40147 
-55.80294 
-79.93921 
-109.21176 
-113.75685 
-26.84703 
120.30595 
203.27856 
173.22379 
-2.88576 
-15.43818 
42.45698 
-11.41938 
4.82791 
-16.01085 
67.31163 
89.95660 
23.24654 
-30.50692 
12.31949 
38.63897 
58.94461 
-43.11077 
-6.88821 
-62.77642 
-136.21950 
-162.77234 
-144.87801 
-56.08936 
-49.51205 
2.64257 
-41.38153 
-60.76306 
-49.52612 
-2.71891 
-78.43782 
36.79103 
61.91540 
-19.50254 
-83.33842 
-31.01017 
20.31299 
28.95932 
79.58530 
40.83727 
4.00787 
-63.98425 
-40.96850 
3.39633 
16.12599 
19.25199 
-31.49602 
-56.32538 
-24.65076 
21.36514 
-32.93639 
-104.53945 
30.92111 
-30.15779 
12.68442 
-80.63116 
-127.59565 
-232.52463 
-101.04927 
-100.76520 
-61.86373 
-54.06080 
-45.12159 
-37.90986 
-168.81971 
-207.30609 
-140.61218 
-38.89102 
-90.11537 
-179.56408 
-74.46149 
-14.58965 
-22.84596 
-4.69193 
-40.05052 
-22.10104 
69.13125 
178.92917 
133.19168 
119.71669 
203.43338 
24.53342 
58.06685 
102.80036 
94.26739 
-59.79856 
-57.93046 
-1.19425 
-9.05516 
-20.77698 
-49.22063 
-26.10792 
-66.88251 
-28.76503 
71.13661 
2.60656 
-33.78688 
-20.57375 
6.18582 
37.03831 
94.40996 
190.81992 
160.30651 
67.94636 
48.89272 
-48.54788 
-92.09577 
-28.52487 
30.28359 
67.56718 
27.13436 
-49.39796 
-65.79591 
-86.59182 
42.14969 
89.63272 
166.59877 
148.19754 
19.06174 
44.45682 
39.24698 
145.82729 
350.32124 
374.30916 
33.95165 
-17.76337 
49.13992 
-0.38683 
-52.77365 
-130.54731 
-62.42795 
-89.52257 
-61.71180 
-7.75694 
-46.51388 
-71.02776 
-53.05552 
-74.11103 
-11.55540 
123.22254 
139.77841 
227.89016 
207.78031 
161.89396 
93.45458 
76.24249 
31.81832 
42.96997 
139.93995 
139.21323 
58.42646 
-50.14708 
-21.96082 
-40.92163 
-57.84327 
-62.35321 
-40.70641 
-33.07949 
-17.15898 
-29.65130 
-0.63593 
-56.93852 
-42.87704 
13.57925 
-39.50817 
-55.68301 
-57.36602 
-56.06537 
64.86927 
75.40520 
191.14373 
246.62080 
119.57492 
178.81651 
17.96636 
27.59939 
6.86544 
-73.26912 
-76.53824 
-79.74314 
-32.81962 
-65.30591 
-59.94515 
29.44303 
43.88606 
-145.22788 
-156.12242 
-78.24484 
-124.82302 
-76.31271 
86.37458 
32.08249 
3.49831 
16.66328 
-62.00677 
-22.01354 
120.30626 
91.61252 
47.89170 
-17.21660 
-52.09986 
-119.86638 
-54.73276 
109.53447 
62.40228 
18.47123 
26.27579 
47.55158 
76.10315 
74.53964 
-18.92072 
74.82523 
59.98380 
128.96760 
80.26853 
-116.46294 
-145.25921 
6.81491 
8.96316 
-40.40701 
-80.81402 
-190.62805 
-179.58942 
-103.17885 
-104.02436 
-22.04873 
-18.09745 
4.13843 
9.27686 
-40.44628 
-59.89256 
-159.45179 
-120.23692 
-40.47384 
-78.61434 
53.77131 
75.20929 
126.08524 
134.83715 
108.34096 
97.34860 
114.69719 
157.72772 
156.12210 
101.24420 
-156.84493 
-83.02319 
-7.04638 
-62.42610 
-125.85220 
-177.37106 
23.92454 
57.84909 
36.36485 
-49.27031 
-93.87395 
-139.74790 
-17.49580 
67.67506 
-31.64988 
-70.63310 
12.06713 
-49.19907 
-126.39815 
-65.79630 
-29.59260 
-39.85186 
-106.37039 
-97.40744 
-20.48155 
41.70356 
-15.59287 
15.48092 
59.29518 
138.59035 
-29.48596 
-136.63859 
-20.61050 
-32.22101 
9.55799 
-7.21736 
-143.10139 
-254.86944 
-97.07222 
-33.14443 
41.37780 
-83.24440 
-217.15547 
-106.97761 
6.04478 
54.42290 
50.84580 
131.35826 
-50.61682 
-88.56697 
-85.46727 
-97.60120 
-155.20241 
-17.07148 
103.52370 
121.04741 
85.09481 
66.85629 
-17.62076 
-154.57485 
-56.14970 
-10.63273 
37.06787 
106.46907 
226.93813 
302.54293 
189.75253 
50.83839 
41.67677 
52.35354 
56.70709 
-10.58583 
-280.17165 
-82.67664 
93.31339 
183.29344 
-0.41311 
40.84045 
50.68089 
8.36179 
-54.27643 
-63.55285 
-101.77237 
-204.87808 
-178.42283 
-107.17899 
43.30868 
80.95070 
3.23474 
-30.19719 
70.93895 
28.87790 
-35.91086 
-77.82172 
-77.64344 
61.04644 
-26.90711 
-49.14756 
45.70488 
84.74310 
119.81954 
-0.36092 
-4.38851 
53.88965 
207.44596 
247.89191 
135.11716 
93.56766 
-88.53135 
-38.72937 
109.87460 
167.74919 
102.49838 
-106.00324 
-77.00648 
62.98705 
-49.02590 
-184.05181 
-180.77028 
1.79278 
-97.41445 
-9.16223 
-50.32446 
30.68442 
114.70217 
175.07101 
227.14202 
226.28405 
181.23476 
26.80285 
-3.06097 
-2.12194 
-102.57721 
-117.48775 
-55.64218 
-84.28435 
43.76463 
-41.47073 
95.05853 
90.45040 
-51.43254 
-99.53175 
-87.06350 
100.20634 
201.74601 
249.15868 
154.31735 
131.96804 
281.93608 
-19.79450 
-177.92233 
-59.17800 
-71.35601 
-52.37868 
-107.75736 
-69.18138 
-82.69609 
69.60782 
168.88231 
128.76463 
120.19592 
137.72517 
-26.54966 
-13.09933 
-80.53199 
-75.39732 
-159.46130 
-113.92260 
-104.17854 
54.97625 
4.28583 
77.90499 
254.47666 
305.28664 
-8.76004 
66.14658 
251.29316 
251.91965 
168.83930 
201.34527 
99.35720 
111.38107 
-22.57120 
-50.47573 
5.71520 
-116.56960 
-293.47253 
-225.94507 
55.10986 
-0.78028 
-130.22722 
-150.12111 
-254.90889 
-280.15111 
15.69777 
61.39554 
180.12442 
87.91551 
432.16436 
107.99538 
74.32409 
68.31485 
146.62969 
173.25938 
97.85210 
-29.62913 
-236.25827 
-252.18320 
-78.36640 
73.93387 
68.53440 
24.40213 
37.80426 
0.27520 
21.21706 
-26.56588 
-53.13177 
-3.26353 
7.13960 
-1.05413 
-15.77492 
44.78349 
-0.43301 
26.80065 
12.93463 
-30.13075 
35.07184 
17.81034 
-19.71264 
-61.42529 
82.14943 
35.63219 
47.26437 
34.86207 
67.39081 
13.44830 
102.89659 
114.12652 
21.58637 
72.83940 
20.34547 
44.02427 
7.04854 
-132.56958 
-120.13916 
-73.94499 
-114.55664 
-131.11328 
-18.22656 
-134.45312 
15.42710 
63.85419 
63.70839 
2.75011 
-22.49979 
49.33376 
124.33419 
28.66839 
-59.66323 
-138.65979 
-347.98625 
-349.30583 
-192.27834 
-222.55667 
-482.78001 
-413.22668 
75.54663 
29.75993 
-2.81348 
55.70637 
25.74608 
-35.17450 
46.65099 
-35.36469 
-21.72937 
15.87459 
81.08251 
135.49836 
200.99671 
188.99342 
115.98684 
20.30702 
-92.71930 
-113.77192 
-259.54385 
-168.42103 
21.82461 
-93.01745 
-253.36823 
-387.40313 
-614.80625 
-244.61250 
126.10832 
100.88332 
80.09996 
91.86660 
116.73319 
33.13305 
-1.06723 
-12.13447 
-26.93561 
-105.87121 
-158.74242 
-60.81818 
53.36365 
62.72730 
137.78793 
409.24253 
500.48506 
408.97012 
162.60692 
-274.78617 
-505.57234 
40.18866 
48.04399 
-96.24536 
-26.49071 
142.01857 
166.70381 
167.40762 
-27.18476 
52.96381 
119.92761 
35.85522 
-46.95622 
-118.91244 
-213.15822 
-10.31644 
13.70045 
8.73423 
138.80179 
210.27024 
97.20715 
-86.58569 
-30.50472 
-31.34276 
41.31447 
16.62895 
-166.40877 
-256.48422 
69.03157 
248.39647 
175.45960 
-9.74746 
81.83841 
103.34348 
163.35362 
57.37392 
-19.25217 
-38.17100 
28.99133 
64.31599 
40.96531 
-58.06938 
-115.13875 
-122.94417 
-264.55500 
-194.11000 
-34.22001 
12.89331 
25.45329 
2.57325 
-57.52016 
-56.70699 
37.25269 
16.83872 
87.34411 
5.68822 
-54.95690 
109.75287 
134.17240 
9.67814 
7.68960 
-47.62079 
-87.57491 
59.18350 
-62.63299 
-179.26599 
-274.86530 
-263.06394 
-229.12788 
-10.92243 
74.82180 
-0.68974 
37.28719 
-108.09229 
-133.51791 
-127.03583 
-90.40499 
58.85669 
-1.61996 
-119.57325 
-143.14649 
-73.29298 
178.08070 
-3.50527 
20.65612 
-108.35442 
-184.37551 
-93.75103 
-248.83538 
-207.00410 
-311.67487 
-137.01641 
-125.36615 
-1.39897 
-64.79795 
76.40411 
-52.52512 
-31.71690 
-121.10047 
-153.86761 
-171.06855 
-45.13710 
-216.27420 
-482.54840 
-601.76347 
-398.19361 
9.61278 
879.55889 
-17.88221 
-81.09776 
-68.19552 
-12.72438 
58.21791 
-27.23084 
-38.12835 
-83.92336 
-127.51339 
-70.69345 
-153.38691 
-121.77381 
-147.54763 
133.57141 
77.47616 
5.95232 
17.23797 
-46.19073 
-13.71480 
76.90373 
16.80747 
-144.38506 
-12.43679 
65.12642 
49.58618 
30.83903 
126.67805 
106.68944 
116.04554 
90.75775 
82.51549 
184.69765 
252.72864 
209.12394 
102.24789 
-4.17089 
13.99156 
95.64978 
7.63289 
-67.40088 
-33.13510 
28.72979 
139.45959 
234.91918 
100.17168 
75.01003 
35.02007 
18.04014 
-16.58639 
-66.50611 
-41.01223 
64.30888 
34.61776 
-52.76448 
-22.19563 
-42.72460 
64.21747 
113.10161 
139.86989 
6.40644 
-14.85379 
75.95909 
25.58485 
-60.16364 
34.67273 
-1.98788 
-36.30909 
-30.95152 
-7.90304 
68.52725 
49.38784 
-57.89099 
-12.11531 
-30.89728 
-110.79455 
-115.25578 
-156.51155 
-143.68977 
-127.71287 
-156.42574 
-165.85148 
117.63037 
-10.40592 
-20.47852 
-0.29036 
-24.58073 
-89.49479 
-61.65625 
25.35416 
-5.62501 
-21.58335 
-52.16670 
-90.66673 
-93.00014 
18.66639 
75.33279 
62.33225 
27.99782 
43.32898 
74.99130 
18.98260 
-16.36813 
-149.73627 
-124.13920 
-90.94507 
-98.55681 
-106.44695 
-35.89389 
51.54555 
126.42444 
101.51554 
59.69775 
-75.93783 
8.12435 
-83.75130 
-49.16927 
-30.33853 
-125.34374 
-111.35414 
-64.04161 
-117.08322 
-173.49977 
-177.66620 
-173.33241 
-93.33148 
-59.66296 
-73.65925 
-118.31850 
-113.63700 
-115.94067 
-36.21467 
44.57066 
104.80799 
152.94932 
154.56531 
135.13061 
-70.07210 
-146.81087 
-140.95508 
-132.91016 
-131.48700 
-83.64066 
-47.28131 
-35.22929 
-19.45859 
-5.25051 
-54.83435 
-2.00204 
64.32925 
88.32516 
78.65033 
82.63399 
58.93464 
-148.46405 
-145.26144 
-65.18954 
-52.04575 
-61.09151 
-65.18301 
12.63398 
7.93462 
37.53591 
73.07183 
172.81032 
139.62065 
-162.09204 
-110.18408 
1.96518 
-34.73631 
-12.47261 
36.38811 
-58.22377 
-23.11421 
48.10490 
60.20981 
8.41962 
-36.49410 
70.67847 
-38.64306 
-30.95278 
-30.90556 
-21.81113 
-109.62225 
-139.57783 
-13.15567 
-22.64467 
-39.95601 
17.42131 
79.84262 
121.35191 
30.70382 
15.07431 
41.81528 
62.96390 
54.26113 
50.52225 
-6.62216 
-65.57766 
-73.82199 
-88.97731 
55.71205 
170.09076 
202.84819 
84.02972 
170.39278 
114.11889 
35.23778 
5.47555 
-25.38223 
-112.43112 
-67.19558 
-97.72449 
-53.11564 
-6.56462 
82.87076 
-1.59182 
-0.18364 
12.96606 
74.26546 
14.19758 
-14.27151 
0.79032 
-89.41936 
-190.50538 
-260.67743 
-191.35486 
-33.70972 
-21.75277 
-7.83888 
4.65558 
-22.68884 
68.95566 
-43.08868 
-2.84402 
8.31196 
71.29060 
116.91453 
2.49572 
21.65811 
-2.35045 
-55.36758 
-87.40182 
27.52970 
23.39273 
-21.21454 
-8.09574 
-22.52481 
36.61705 
-13.43257 
-84.86513 
33.60307 
26.53946 
49.41226 
-61.50881 
-215.68429 
-117.70191 
12.26284 
49.52568 
11.05135 
-101.23063 
-39.79459 
223.07749 
94.48832 
38.64331 
17.28661 
-25.09344 
7.14645 
-9.37377 
31.25245 
68.50490 
134.67647 
325.01961 
302.70589 
34.07845 
50.49024 
-7.68619 
-31.03905 
-39.07810 
-78.15621 
-46.97908 
25.04183 
13.41700 
-72.16599 
-152.99866 
-105.33064 
71.67204 
-34.98924 
61.02151 
95.37636 
179.41938 
148.17209 
-28.98915 
-55.97830 
19.71007 
27.08680 
49.17361 
46.34721 
-59.63891 
-30.94448 
29.77770 
-41.44461 
-83.88921 
-86.11176 
-49.89018 
-64.11370 
-44.56073 
20.87855 
27.75709 
-67.81915 
-123.97163 
-96.27660 
-80.55321 
-251.77308 
-375.54615 
-152.42564 
40.14871 
27.29743 
18.26152 
31.85638 
0.04609 
-3.57448 
73.85103 
51.03540 
8.40413 
3.14160 
-43.71681 
-117.10028 
-154.20056 
-45.40111 
-49.13556 
-91.27112 
-86.54223 
-67.75113 
20.16440 
59.99547 
66.32428 
52.98188 
65.63044 
102.92754 
44.52174 
-40.62318 
-137.91302 
-116.82605 
-9.31876 
-14.97085 
-57.60836 
-75.21673 
-20.43346 
59.13309 
150.26617 
56.19902 
47.06470 
108.46273 
110.92547 
118.51760 
62.03520 
8.73706 
0.80745 
-53.38509 
6.22981 
52.79296 
84.58591 
85.17182 
348.34364 
288.35396 
58.37458 
5.74915 
30.16498 
78.66328 
56.32657 
27.98647 
-33.02705 
-53.38744 
-52.77488 
65.45024 
230.90047 
38.80094 
-24.73145 
-78.46290 
-82.92581 
32.14839 
-52.03656 
-126.07313 
-19.14625 
67.70750 
54.08167 
72.16333 
177.99333 
70.98666 
155.30665 
146.94664 
96.55995 
84.78656 
-7.09355 
19.81290 
-23.70754 
8.58492 
-0.83016 
-54.32699 
-22.32066 
-17.64131 
35.71738 
-48.56525 
-39.46383 
-247.92765 
-151.52197 
56.28939 
4.91211 
-20.17577 
-44.01821 
-5.36976 
-45.40618 
-83.47902 
-69.62472 
-129.58276 
-172.49886 
-126.99773 
-66.66212 
-53.32424 
-19.31514 
19.36971 
105.40609 
139.47884 
77.29102 
121.91537 
28.16407 
10.66147 
-22.34372 
14.31255 
-13.37490 
-19.74979 
51.50042 
95.33417 
170.00168 
291.00335 
230.67337 
47.01340 
15.02680 
0.05360 
-47.89279 
3.21441 
101.09550 
213.85766 
152.38198 
266.76397 
164.86127 
-7.27746 
18.77842 
9.55685 
27.78036 
-18.10595 
-45.87857 
-56.42380 
9.81907 
86.63814 
54.27627 
9.88588 
65.43843 
19.87685 
32.75370 
25.50740 
-36.98519 
-110.63705 
-165.60744 
-204.21489 
-34.42977 
16.47379 
15.61425 
35.22849 
-19.87635 
-71.08604 
66.82792 
26.98918 
91.97836 
12.95672 
19.58011 
19.49354 
-27.34625 
-67.69249 
-54.71832 
-49.43663 
-82.20660 
-188.74653 
-149.82638 
-34.98610 
19.36113 
8.38892 
69.11117 
65.55568 
-52.55530 
-33.11060 
2.11212 
-82.77575 
-297.21817 
-233.43634 
-22.20601 
75.92132 
44.17598 
-17.31471 
29.70391 
-15.25884 
105.48232 
40.96464 
70.26260 
20.85854 
54.71709 
169.43417 
65.53501 
-45.92998 
-33.85997 
-93.05327 
-89.43987 
-34.54640 
74.90721 
196.14775 
87.29549 
33.25765 
44.18196 
61.03060 
25.06119 
-78.54428 
-8.75523 
-66.17712 
-57.68757 
47.62485 
-196.41697 
24.16607 
48.66547 
-12.00240 
-93.00480 
-65.34292 
-0.35251 
-54.70503 
33.25661 
43.84655 
148.69310 
31.38620 
31.77240 
-21.78853 
-154.24373 
-219.48746 
-249.30825 
-187.94984 
41.76699 
61.86732 
-75.26536 
-16.19740 
90.27187 
66.21041 
35.75416 
-79.49168 
27.68331 
0.36662 
43.06656 
134.13313 
134.93292 
-6.80082 
16.39836 
98.46339 
-51.73988 
-193.81310 
20.37380 
32.08093 
-5.17147 
71.65706 
129.98079 
129.96157 
69.25647 
47.17962 
-11.30744 
35.71846 
23.10359 
-46.12615 
158.74770 
130.49540 
138.99081 
-7.01839 
-8.70344 
-35.74022 
-205.81377 
33.70579 
-322.58841 
-446.17683 
19.97967 
79.95935 
-320.41464 
-573.16260 
-1468.65854 
-216.65041 
65.36584 
13.73168 
265.79669 
91.26004 
136.18675 
146.04016 
36.08032 
114.16063 
168.98793 
46.97585 
-1.71496 
-129.42992 
-213.85984 
-256.38634 
-142.77268 
46.45464 
54.57595 
5.15191 
-108.02952 
-80.72571 
-33.11809 
83.43049 
330.52764 
359.38861 
85.11056 
94.55445 
23.44224 
7.88448 
92.10228 
167.87124 
66.74247 
-200.18173 
-343.36345 
32.93977 
86.54620 
106.42573 
192.85146 
68.36959 
76.40585 
39.47836 
-47.37662 
-76.75323 
-113.83979 
-171.67959 
-211.02584 
-181.71835 
26.22997 
65.45993 
116.91987 
77.83974 
5.34614 
56.35894 
-71.28211 
-157.23089 
-179.46178 
-87.25688 
-31.51377 
-6.02753 
-107.72173 
-138.77680 
-108.88693 
-214.10720 
-240.54773 
-131.76214 
47.14240 
33.95146 
52.90292 
118.80583 
84.94500 
28.88999 
59.77999 
17.22664 
-4.21339 
-44.76012 
3.14643 
18.62619 
-5.74762 
-9.16191 
61.34284 
81.68568 
15.37135 
79.40937 
62.48540 
233.63747 
481.94161 
619.88323 
436.43312 
-19.13376 
-18.93419 
-93.86837 
-133.40342 
-151.47350 
-46.94700 
77.10600 
96.87868 
94.09068 
119.18137 
70.02940 
179.72547 
85.11761 
-52.43144 
-59.52955 
-53.72577 
18.88180 
68.09692 
-44.13949 
0.05436 
48.44205 
28.55077 
38.10155 
92.86976 
53.73953 
-98.18762 
-178.04190 
-175.41713 
-172.16760 
-114.00186 
-19.33706 
-2.67412 
36.65176 
21.97019 
34.94037 
69.21408 
46.76149 
91.18964 
65.04595 
41.75856 
23.85046 
-9.63241 
-2.26483 
8.13701 
-80.05932 
-133.78530 
-172.57061 
-164.47455 
-104.61576 
-17.23153 
4.53695 
54.07390 
-54.51887 
-79.03774 
-48.07547 
66.18239 
19.36478 
13.06290 
18.79246 
49.58492 
68.83651 
-1.99364 
-21.65395 
-28.30791 
-25.94915 
-148.89830 
-50.46326 
-106.59320 
-187.85306 
-188.37278 
-16.41223 
-67.82446 
-180.98226 
-106.96452 
-55.92905 
-28.52476 
60.28381 
-38.76571 
29.13525 
-13.39616 
-30.79233 
-29.25132 
47.49736 
67.66139 
46.65610 
-11.68779 
-32.70892 
-95.08450 
-214.83566 
-188.00466 
-126.67599 
-49.68531 
-71.37062 
-103.74124 
-88.14915 
-94.29830 
-58.59660 
8.47346 
33.94692 
91.89384 
167.78767 
95.57535 
50.48403 
23.96805 
-21.39722 
-55.79445 
34.07777 
-49.51113 
28.64440 
-41.04453 
-37.75572 
-58.84478 
-9.68957 
-27.71246 
-12.75826 
4.81681 
-132.36638 
-90.06610 
-10.46554 
142.73559 
50.80452 
-26.39095 
-96.78191 
-139.56382 
-203.12763 
-196.25527 
-167.17721 
-18.02108 
-31.37549 
-24.08431 
-18.83529 
11.99609 
-63.00782 
-118.34897 
-131.36462 
-176.06256 
-147.79179 
74.41641 
260.49949 
56.99899 
105.33130 
178.32928 
168.32522 
103.31710 
50.30087 
101.60175 
190.53683 
160.74033 
223.14733 
150.29465 
99.58930 
161.17860 
78.35720 
62.38107 
-51.23787 
65.85760 
153.38187 
46.43041 
1.19415 
23.05497 
46.77661 
13.55322 
79.43976 
14.21286 
29.09239 
-26.14855 
113.03623 
124.40579 
88.47825 
8.62316 
28.24631 
60.82596 
70.98526 
51.97052 
66.60770 
16.54873 
-72.56921 
-152.80509 
-189.94352 
-135.55370 
-89.77406 
-7.88145 
-70.76291 
-160.85915 
-35.71830 
266.23007 
-44.20653 
-97.41306 
-143.82613 
-235.65226 
-142.97118 
51.72431 
-1.55138 
25.89724 
-6.53886 
63.58894 
182.84455 
116.02244 
74.37821 
44.08975 
-13.48717 
36.69233 
89.71799 
77.10265 
28.87197 
-26.58939 
49.82122 
49.30910 
135.28487 
76.90306 
-2.52720 
-11.05441 
-43.10882 
-5.55097 
-24.43528 
39.12944 
-79.07445 
-106.48224 
-132.29781 
-195.59562 
-223.52458 
-235.38249 
-157.09832 
-69.19664 
-31.05995 
-35.45322 
-182.57311 
-113.14623 
131.70754 
1.08175 
-2.83650 
-15.67300 
80.98734 
15.64134 
-29.05065 
71.89869 
49.46406 
77.59478 
125.85623 
-18.62088 
35.75824 
-36.15019 
-38.30037 
-40.60075 
-97.86816 
-105.06966 
-8.80598 
22.72138 
65.77609 
119.55218 
205.10435 
-55.12463 
-117.24926 
-41.16519 
2.33628 
58.67256 
13.34512 
-58.97642 
-128.28617 
-1.23901 
18.52198 
25.71062 
34.75458 
-3.82418 
-83.98169 
-13.29672 
53.73989 
26.47977 
-83.70712 
118.25243 
66.50486 
-24.65695 
19.35276 
49.37220 
169.74439 
229.48879 
91.97757 
-44.37819 
28.91029 
64.15391 
96.64115 
101.94897 
161.23128 
110.79589 
214.92512 
340.18357 
217.03381 
71.06762 
-50.19810 
-11.06286 
30.54095 
75.41523 
140.83046 
43.99425 
30.98850 
-10.02300 
-35.04601 
1.57465 
-4.51737 
15.29859 
-10.40281 
-31.13896 
-55.94458 
43.11083 
32.55500 
-32.88999 
-49.44666 
-25.22665 
-45.78662 
-23.57325 
-77.81317 
-100.95966 
-100.91933 
-45.50532 
-18.34398 
-39.68795 
-21.04257 
-73.08514 
-143.83694 
24.65945 
-67.68110 
-71.69554 
-81.39108 
8.55117 
-104.89767 
-31.12867 
-9.92400 
-64.84800 
-44.69599 
-68.05865 
-172.78397 
8.76538 
85.86410 
104.06154 
198.78974 
404.91281 
388.15896 
242.31792 
408.96916 
492.27166 
-29.45668 
-111.24668 
-60.49337 
-19.98674 
-1.30681 
33.38639 
23.43944 
12.21221 
-84.90891 
15.51550 
-2.30233 
-89.60465 
-164.20931 
-151.08528 
-112.50389 
26.65889 
56.98444 
61.30221 
131.27108 
-182.45783 
-144.58233 
135.83534 
403.33734 
816.34134 
814.68268 
-334.96797 
-79.26928 
-60.20522 
-61.41044 
110.84578 
163.69156 
-111.95022 
-77.90043 
-137.80086 
-133.26839 
-89.53678 
41.92643 
25.18620 
48.03907 
61.74480 
95.48961 
158.64588 
151.29176 
-99.08314 
-128.16628 
5.33411 
-2.99845 
128.33644 
231.00622 
42.67910 
54.69154 
39.04975 
75.76617 
240.53233 
288.06466 
149.46266 
18.25865 
-5.81603 
65.03462 
60.73590 
-69.19487 
-65.72308 
-1.11283 
-34.89232 
19.21536 
-2.23594 
-90.13855 
-17.61043 
-65.55419 
-3.10838 
-26.21677 
-86.10020 
-176.86707 
-204.40081 
-40.46828 
-20.26989 
-135.53978 
-239.74624 
-378.49247 
-226.65161 
-87.96989 
125.06022 
85.78710 
32.90753 
14.81506 
-1.70320 
-14.07307 
68.18718 
43.04104 
58.08207 
98.16415 
-77.00504 
-105.67675 
3.97984 
-41.70699 
-1.08065 
6.50536 
-100.32261 
-111.31188 
24.04291 
9.41915 
-103.49502 
-227.99005 
-367.31343 
-107.62686 
-21.58706 
-25.17411 
115.98511 
56.97022 
-69.72623 
-82.78580 
59.42841 
42.19015 
-20.95304 
-85.23942 
-183.14551 
4.37565 
33.08464 
-22.16405 
-7.66144 
-34.98954 
-79.64576 
-9.95818 
73.41698 
-79.16605 
-107.33209 
-112.33085 
25.67163 
42.00992 
-46.64683 
14.37301 
-147.25398 
-223.17464 
-163.01594 
-126.03188 
-93.73043 
-130.12752 
-73.25504 
-171.17674 
-232.68682 
-83.04030 
-96.08060 
-84.16119 
11.01095 
107.02190 
169.04380 
171.42092 
73.17518 
215.01703 
164.70073 
-244.93187 
-202.53042 
-102.06083 
41.54500 
92.42333 
163.51333 
383.36000 
320.38667 
-63.22666 
142.54669 
166.09338 
212.85343 
78.04019 
-147.91963 
110.49407 
-60.67852 
-69.02370 
-67.38074 
-255.09482 
-63.18963 
5.62074 
-16.42519 
58.14961 
184.96590 
201.59846 
464.19691 
280.39383 
84.12099 
249.24198 
608.81730 
501.63459 
147.26919 
-11.12829 
-14.58992 
57.48683 
2.97366 
-6.38601 
112.89465 
59.12263 
75.57860 
59.49053 
77.31439 
161.96211 
127.92422 
48.51510 
14.36353 
-99.93961 
-182.87921 
-288.42509 
-147.85019 
-114.03371 
-100.73409 
6.86516 
140.39698 
155.12730 
99.25459 
68.50918 
-6.98164 
48.37006 
61.74011 
0.81356 
138.29378 
55.92089 
35.84179 
48.35025 
100.36716 
14.06765 
-90.53137 
15.60393 
25.20785 
80.08237 
83.83142 
64.32950 
61.65900 
47.31800 
22.30266 
-44.39467 
-122.45602 
-60.24537 
-118.82406 
-46.31480 
-96.29626 
-0.59252 
130.14829 
-194.03675 
-322.74016 
40.51968 
-23.29397 
-156.92127 
-113.50920 
-44.01841 
-87.37015 
53.92638 
152.85275 
81.03884 
127.41100 
161.15534 
-58.35599 
-82.71197 
-5.42394 
-19.51455 
-1.36244 
-54.39154 
-33.78308 
-67.56617 
-106.46567 
-119.59800 
-39.86267 
203.27466 
296.54931 
99.09863 
41.53058 
-18.60550 
-117.54433 
-128.42199 
99.48936 
106.64539 
74.62411 
145.91488 
156.49643 
134.99285 
-25.34763 
-67.69526 
-92.72386 
-85.78105 
27.77124 
-95.79085 
-106.58170 
7.50326 
27.67320 
-122.32028 
-91.97388 
-115.61443 
-89.22887 
-108.12440 
21.41787 
246.83573 
221.67146 
97.00960 
-195.31414 
-38.29495 
-33.25656 
93.82020 
330.30708 
97.61415 
212.22831 
151.78995 
202.91322 
173.15978 
147.98623 
56.97246 
-46.38841 
-86.11015 
-13.88697 
28.22607 
-87.21453 
-230.09574 
-284.52481 
-180.38294 
-34.76589 
-67.53178 
-142.73022 
-340.46044 
-101.92088 
198.82490 
75.64980 
-184.03374 
-210.73414 
-139.13495 
-11.60324 
4.12686 
18.58705 
3.17410 
-50.98513 
-26.97026 
26.05948 
-2.88103 
-46.09540 
-69.85746 
-160.38159 
-192.76318 
9.80697 
4.94727 
21.89454 
-7.54425 
8.24484 
36.48968 
38.64604 
92.62540 
97.58414 
42.16828 
51.00323 
157.00646 
109.34626 
40.69252 
-5.61496 
-176.22992 
-121.12650 
-94.91967 
-51.50600 
-36.67867 
35.97599 
170.95199 
141.57064 
76.14128 
22.28256 
48.23178 
131.79690 
195.92713 
87.52092 
-6.29149 
69.08369 
112.50072 
121.00144 
27.33622 
-46.99423 
-32.32180 
56.35640 
11.71280 
-131.90773 
-143.81546 
-89.63092 
-72.26183 
-281.19033 
-311.71400 
20.57200 
2.81067 
-41.04533 
-49.42399 
-3.84798 
-53.02930 
-234.39194 
-364.45055 
-141.23442 
114.53115 
95.72897 
43.45793 
39.91587 
216.16507 
53.99681 
-66.67304 
-72.67942 
-21.69217 
100.28233 
211.89799 
51.46265 
48.59196 
-37.81608 
-81.63216 
-94.26432 
-134.19530 
-157.05727 
-131.44787 
19.77093 
110.87520 
311.08373 
264.50078 
215.33490 
135.00314 
95.00628 
41.67922 
85.69178 
95.05022 
108.43378 
76.86755 
71.40177 
11.80355 
37.27376 
31.54752 
-191.90497 
-179.80994 
-79.28654 
-47.90642 
-135.81284 
-107.95901 
30.41531 
-56.83606 
204.99456 
330.32244 
848.31155 
1066.95644 
805.24621 
-142.17424 
-53.68181 
38.30305 
73.27276 
-142.45448 
-131.90897 
8.84873 
-28.96921 
43.06158 
110.12315 
119.24631 
65.15928 
101.98523 
55.97046 
22.27426 
-33.45148 
-56.56962 
-40.80591 
-31.94516 
-15.22365 
-63.78063 
13.77207 
-20.78919 
-114.57838 
-40.49008 
9.35317 
-27.29367 
-24.25400 
-3.17467 
-6.68267 
-43.03201 
2.60265 
12.20530 
28.74394 
-51.51212 
-258.35756 
-106.71513 
51.90308 
43.80616 
-7.38768 
12.55796 
78.44926 
67.23186 
-6.53629 
53.92742 
3.18818 
-43.62364 
44.08605 
-1.82790 
-161.65579 
-210.64492 
-177.95650 
-162.24634 
-81.49268 
-134.31869 
1.36262 
19.72523 
117.78380 
174.56760 
17.80186 
0.60372 
153.54078 
201.41489 
-22.50354 
-81.00709 
42.65249 
130.97165 
-7.05671 
-60.44675 
-70.22683 
-70.45366 
-28.57399 
-69.14799 
-118.96264 
-148.59196 
-154.85058 
-122.03449 
-5.06897 
32.19539 
-54.60923 
-178.55179 
4.89642 
-180.20717 
-89.74767 
-111.49534 
13.67598 
99.01863 
262.03725 
191.07451 
-70.85098 
-171.36863 
54.59607 
142.85880 
19.38427 
-40.89813 
-73.46293 
22.40747 
168.81495 
119.62990 
29.59313 
-159.48040 
-197.62747 
-33.92162 
-40.50990 
-14.01979 
-10.70626 
-12.07918 
-25.82502 
64.01663 
63.36659 
-91.93349 
-218.53365 
-468.73397 
-508.46795 
-54.93589 
22.79488 
45.58976 
34.51284 
0.02569 
41.05138 
-40.56391 
-11.79449 
-61.25564 
-210.84462 
-295.02257 
-130.04513 
-123.42360 
-41.18054 
-61.02774 
-64.72215 
-172.77763 
-182.88859 
-97.11051 
-4.55435 
-55.10870 
-57.21740 
1.56520 
59.13040 
-35.40587 
56.52160 
86.04320 
-94.58026 
122.17282 
207.01230 
114.02461 
12.38255 
79.09843 
95.19685 
81.39371 
17.45408 
15.90817 
-188.51700 
-485.70067 
-485.73467 
78.53066 
138.06132 
47.78930 
-41.42141 
-56.84281 
-13.68563 
-48.03792 
-3.40917 
-19.81833 
58.03000 
33.39333 
59.12000 
104.90667 
-34.85334 
17.96000 
29.91999 
-69.82668 
-257.65336 
-342.97339 
-235.28012 
8.10643 
-112.78713 
-386.24093 
-516.81519 
-630.29704 
-487.26075 
-106.52150 
-9.04301 
-47.75269 
-43.50537 
-28.67741 
-39.35482 
16.29035 
36.58070 
43.49474 
-29.01052 
-12.68771 
124.29125 
86.24916 
13.49832 
1.66330 
-54.67340 
-123.01347 
-139.69360 
-28.72053 
-3.44107 
0.45120 
-29.76427 
41.13813 
-109.39040 
-57.44746 
-52.22826 
-135.12318 
-130.24636 
-184.49272 
-298.65211 
-69.97088 
92.72491 
131.78315 
226.89963 
107.13259 
143.93184 
94.53035 
26.06070 
43.12141 
17.57614 
4.48562 
64.30458 
121.60915 
8.21830 
-91.23007 
-37.79346 
-6.92026 
26.49281 
42.65229 
41.63790 
68.27581 
88.55162 
209.10323 
285.20646 
169.07959 
-11.50749 
19.98502 
91.30337 
21.60674 
28.88015 
180.42697 
51.52060 
-24.29214 
-23.58427 
-68.50188 
-0.67043 
-101.67419 
65.31829 
100.96991 
214.93982 
220.87964 
94.75927 
56.18521 
-65.62957 
-47.25915 
-164.18496 
-213.36992 
-7.40650 
98.52033 
49.70733 
-52.25201 
-105.83735 
255.32531 
369.65062 
-85.03209 
-4.39752 
29.87162 
90.74324 
135.48649 
-14.36036 
-64.05406 
-122.10812 
-73.88290 
-127.76580 
-220.19826 
-178.72986 
-87.79306 
26.74722 
52.49444 
63.98889 
63.31111 
-142.04445 
-0.75557 
135.48887 
131.64441 
224.95548 
156.91096 
-78.17809 
-41.02284 
-8.71235 
76.24198 
117.48395 
107.30123 
-75.73086 
-241.79506 
-190.25679 
-242.51358 
-16.36049 
251.61234 
217.22469 
106.44937 
43.23208 
72.46417 
217.92833 
134.52333 
64.37999 
-17.57335 
-5.14670 
-134.29340 
-163.58680 
-229.17359 
-137.34718 
-87.69436 
-36.72205 
-161.77744 
-271.88822 
-351.10977 
-266.21953 
-74.43907 
-71.87813 
-292.42293 
-452.51253 
-195.69173 
94.28320 
202.89973 
107.46612 
283.59891 
402.19782 
-33.27103 
87.79127 
104.58254 
59.16509 
36.33018 
59.32702 
178.32072 
-115.69190 
-102.38380 
55.89906 
-53.20188 
-125.73709 
-118.47417 
-3.28168 
-53.23003 
22.53994 
-38.92011 
-14.50689 
-98.34711 
-150.36088 
39.94491 
69.22314 
129.77962 
178.89258 
213.11849 
-43.09636 
81.14062 
76.28124 
156.89582 
267.79164 
222.24995 
-30.50010 
-19.33353 
70.33295 
251.33256 
128.99845 
-59.00310 
-151.67287 
-17.67908 
-72.02482 
56.95036 
62.90073 
19.80146 
-83.06376 
67.53915 
172.74497 
5.48995 
54.31323 
51.62647 
21.58627 
-8.82747 
-3.32160 
92.69013 
100.38026 
-36.90614 
-5.81229 
49.37543 
-14.91581 
-72.16496 
-151.32991 
-368.99316 
-353.65298 
47.36070 
-46.27860 
-126.55720 
-105.11439 
-150.22878 
-96.45756 
-41.58179 
-28.16359 
12.00616 
188.01232 
-4.64203 
-34.95073 
234.09855 
181.19709 
82.39418 
12.78837 
-60.42326 
-21.51319 
-26.69306 
163.28056 
-31.10556 
-186.87778 
-332.08889 
-21.51112 
162.64443 
16.28885 
-94.42229 
-66.51125 
-300.35583 
-328.04500 
-199.75666 
-48.51332 
-243.69330 
-457.05327 
-273.10654 
-465.54641 
-110.42615 
7.14770 
226.62874 
40.92415 
-450.15170 
-295.63673 
-62.94012 
-94.21358 
104.23951 
256.14568 
549.62470 
458.91606 
301.83212 
425.33090 
223.32847 
358.32360 
362.64721 
126.29441 
104.58882 
282.84431 
213.35528 
287.37723 
234.08779 
159.84225 
58.35118 
165.70235 
311.07137 
240.14274 
18.61880 
-24.76239 
91.47522 
58.61710 
-13.76580 
-101.19826 
-140.06318 
-135.79303 
11.41393 
-90.17214 
-54.67761 
-76.02188 
-77.37710 
33.91247 
-52.84173 
-125.68346 
-139.36692 
-119.73385 
-104.46770 
57.06460 
-18.53746 
25.25841 
103.51682 
120.70031 
32.06729 
-197.86542 
-142.06417 
-21.46167 
-1.59001 
100.15332 
302.97331 
330.27996 
355.22658 
94.78649 
33.90632 
-4.85404 
36.29193 
228.91719 
63.16772 
-103.99789 
123.00421 
232.67509 
219.35017 
-68.29965 
48.73403 
80.80139 
76.26944 
214.20555 
102.74444 
-131.17780 
31.64441 
-2.04451 
54.91097 
92.48861 
65.64389 
-65.71223 
-3.42445 
44.48442 
129.30218 
72.27103 
-25.45793 
101.08413 
-116.49840 
-222.33014 
-277.32695 
-277.65390 
0.35887 
86.38441 
87.10215 
-42.12904 
-95.59141 
-76.51616 
-25.36565 
-90.73130 
-44.46260 
-36.25853 
-117.85040 
-119.03413 
280.26506 
424.86346 
12.06026 
38.45385 
25.57437 
-99.18459 
-216.03585 
-103.40503 
-114.14338 
-136.95344 
-273.24021 
-173.48041 
-95.62749 
-47.58832 
-48.17664 
17.98006 
75.96011 
4.92023 
-65.15954 
-168.98575 
-97.63817 
-31.60968 
37.44731 
112.89462 
271.45591 
213.91182 
376.15698 
120.98062 
62.96124 
78.92249 
70.51164 
-128.97671 
-126.28676 
-49.57351 
20.85297 
97.03928 
72.07856 
135.49045 
201.31424 
106.29515 
74.59029 
29.84725 
-156.63883 
-121.94434 
32.11133 
60.22265 
144.44531 
295.22395 
394.44790 
124.56246 
83.79160 
-51.41681 
-42.83361 
-92.33390 
24.99888 
11.66442 
48.66217 
-80.00899 
-95.35131 
-151.70262 
-129.07190 
-74.81048 
21.37905 
42.09143 
-35.81714 
-69.96761 
-78.60189 
-260.20378 
-115.74090 
-124.48179 
-89.29692 
-161.92718 
-248.52102 
-91.04204 
57.58258 
-42.83483 
-79.66967 
-86.00600 
-30.34534 
210.30933 
21.61866 
-56.09602 
-216.52537 
-265.05074 
-307.43480 
-283.86961 
-143.40589 
-12.14511 
-91.62355 
6.75291 
112.83915 
427.01164 
198.35661 
218.71321 
152.42642 
-77.81382 
-144.96097 
-122.58861 
-8.17723 
63.64555 
79.29110 
127.24887 
158.16440 
97.99546 
192.32426 
48.98185 
82.29703 
182.92739 
-185.81188 
-349.95709 
-267.24752 
-81.16170 
-42.32340 
43.35320 
106.03974 
-81.25386 
64.82562 
-78.34877 
-416.36421 
35.27159 
-76.45682 
-6.91365 
72.83937 
27.01207 
13.02415 
-1.95170 
90.76327 
100.52653 
35.05307 
9.77280 
-176.45440 
-230.90881 
-219.81762 
-115.63523 
-52.60380 
-48.20759 
-126.08185 
-165.83036 
-68.32739 
53.67856 
-186.30955 
-32.95243 
128.09514 
517.85695 
453.71391 
271.76115 
135.85563 
-372.95541 
-847.24416 
-60.15499 
-159.97665 
-40.61997 
52.76006 
-49.81322 
-51.62643 
27.74713 
14.49426 
-36.67814 
-22.68961 
41.95412 
39.90824 
57.81647 
-62.36705 
43.93256 
166.86513 
-8.93642 
-96.87283 
-183.74566 
-351.49132 
-461.64931 
-320.29862 
-288.59724 
-77.52781 
-114.05563 
72.55541 
-40.55584 
-96.44502 
169.10996 
129.88658 
100.77316 
28.87964 
-181.90738 
-239.14809 
-62.96284 
23.07431 
-73.18471 
14.63058 
200.92782 
201.52232 
232.71130 
375.75593 
206.17853 
-31.64295 
42.38077 
69.76155 
57.18976 
-3.28714 
-7.57428 
-95.14857 
-199.29713 
44.07240 
45.47813 
79.28959 
161.91252 
170.82503 
-10.68327 
25.63347 
-126.06640 
-144.79946 
146.73441 
240.80215 
-50.39570 
-284.45806 
-50.24945 
-18.83223 
29.33554 
-162.32891 
-263.99116 
-129.98231 
-56.96463 
-16.59592 
63.14150 
27.28299 
-28.76735 
201.13197 
47.59728 
105.19457 
77.05580 
-34.55507 
-207.77680 
63.44639 
261.89278 
268.45223 
475.23779 
382.80891 
247.28450 
108.56899 
-73.52868 
-204.05737 
-135.44807 
-454.56281 
-444.12561 
117.08210 
-144.50246 
-302.00492 
-197.67650 
-93.35300 
158.96067 
312.25467 
118.50934 
214.01869 
448.03737 
451.40808 
-158.51717 
13.63233 
152.93133 
157.86266 
467.72533 
774.78399 
422.23465 
175.13597 
7.27194 
-11.12278 
-23.57890 
-37.82447 
-38.31560 
-194.63121 
-74.26242 
-111.85817 
80.28367 
79.23400 
103.80133 
11.93600 
69.53867 
153.74401 
155.15468 
0.64270 
-47.04794 
138.90412 
69.80825 
106.61649 
104.23299 
-45.20069 
-185.73472 
139.19723 
-21.27221 
-63.21108 
-153.08883 
-120.17766 
-96.35531 
-242.04396 
-129.42125 
-138.17583 
-24.01833 
-31.03667 
-45.07334 
-107.14667 
-173.62668 
-340.25336 
-325.84005 
-462.68010 
-121.36021 
161.27959 
91.22584 
-54.21499 
-40.76331 
-19.19328 
45.94677 
103.89354 
62.78708 
1.57415 
-66.18503 
-96.70339 
5.59322 
-187.14690 
-65.96046 
-138.25425 
-159.84183 
-350.35032 
-572.36731 
-462.73463 
-167.13592 
-178.93852 
-300.54370 
-221.08740 
-93.50813 
-139.68292 
28.30082 
92.93498 
305.86995 
188.07324 
-237.18686 
-127.70706 
44.91921 
58.83843 
46.34352 
-81.97962 
214.37409 
234.08151 
108.82969 
93.99272 
267.65210 
481.97087 
216.60842 
31.55017 
74.10033 
-12.13267 
-53.59867 
114.46933 
256.60533 
378.21066 
47.08798 
-66.49071 
-5.64809 
-31.62951 
-101.92569 
-47.51805 
-251.70276 
-218.07219 
-87.47772 
-55.95544 
52.08913 
-124.15508 
-215.64350 
-177.62033 
-168.90733 
-298.81466 
-141.29599 
131.40803 
75.48272 
112.96544 
336.59754 
411.19508 
192.72350 
209.11367 
193.22734 
36.78801 
216.57603 
228.81872 
70.63743 
-195.05846 
-89.78359 
-54.56719 
-103.46771 
-53.93542 
-86.87085 
-142.74169 
-44.48339 
-120.30011 
-149.93356 
-136.53378 
164.26577 
171.19820 
18.39640 
75.12612 
266.91891 
132.50449 
158.34232 
340.01798 
32.36929 
125.40524 
325.81048 
556.62095 
246.24190 
131.48381 
9.63428 
107.26856 
231.20379 
272.74092 
207.48184 
60.63035 
-16.73931 
-3.47861 
117.04278 
219.75222 
-83.82889 
-52.99110 
-13.64888 
73.36892 
109.07117 
28.80900 
59.28466 
266.23599 
-18.86135 
117.27731 
331.55461 
314.44255 
210.21844 
-16.89645 
-93.79290 
-111.25247 
-38.17161 
-94.00988 
-5.35310 
179.62713 
9.25426 
-30.49148 
85.01703 
161.70073 
-83.59854 
-219.19708 
-55.72750 
-25.78833 
-80.24333 
-64.48666 
-208.63999 
-119.61331 
-43.22662 
83.21342 
133.76018 
-57.47965 
14.70737 
150.74807 
97.82947 
170.99228 
309.65123 
158.30245 
197.60491 
-205.79019 
125.41962 
371.50591 
255.01182 
84.02364 
-115.95272 
-145.57211 
-58.14422 
-18.62178 
153.75645 
408.51289 
244.35912 
-96.94843 
-65.56354 
60.20626 
-21.58748 
67.82505 
-205.34991 
-132.69982 
-40.73296 
-7.13259 
-74.93186 
-108.19704 
-305.06076 
-231.12151 
-19.57636 
-109.81938 
-354.97209 
-334.61084 
-92.55502 
-149.77671 
-89.55341 
-225.10682 
-244.21365 
-168.76063 
76.14540 
96.95747 
30.24827 
-109.50346 
-231.00692 
-127.34716 
-266.02766 
-331.38866 
-79.11065 
-197.55463 
-275.77592 
53.44816 
130.89631 
-1.87404 
6.25191 
161.50382 
88.34098 
341.68196 
446.03059 
31.72786 
29.45571 
32.91142 
200.15618 
314.97902 
249.95804 
244.58275 
23.83216 
-31.66901 
13.99531 
31.99062 
65.64790 
-76.03753 
150.59161 
20.18323 
-80.96688 
-123.60043 
-181.20085 
-369.73504 
-139.80342 
2.39317 
-80.88033 
-110.09400 
-114.18800 
-104.37600 
-75.75201 
-73.83735 
82.32530 
198.65060 
-3.36547 
-258.06426 
-69.12853 
-141.59039 
-323.18079 
-472.36157 
-83.05648 
232.88705 
66.10743 
23.21486 
21.42973 
72.85945 
200.71891 
95.10448 
15.87563 
-25.24874 
-71.83080 
-163.66161 
86.01011 
176.02023 
-25.95954 
103.74758 
299.82849 
364.65698 
408.31396 
-15.03874 
3.58919 
122.51170 
248.35674 
541.38015 
427.76030 
-20.14608 
66.70785 
98.41569 
-182.50194 
-333.00389 
-357.00778 
-439.68222 
-13.36443 
670.27113 
1034.87560 
181.08453 
62.83573 
35.00480 
-57.99041 
13.01919 
-49.96162 
44.07675 
231.15351 
129.64034 
-27.38598 
-47.77196 
20.78942 
203.91218 
274.49102 
60.98205 
35.29743 
6.26152 
-279.47696 
-413.95391 
-239.90782 
-36.48231 
-44.63128 
10.40410 
74.80820 
92.94974 
324.23281 
269.46561 
-164.06877 
-131.47088 
-238.27509 
-405.55018 
-343.10037 
-338.20074 
-123.06815 
-109.46963 
-325.60592 
-252.54517 
-186.09034 
-278.51402 
-209.36137 
-102.72274 
-31.77882 
-66.22430 
33.55140 
134.76947 
-98.79439 
-207.58878 
-331.84423 
-474.68846 
-442.71024 
-201.42049 
-19.17431 
-36.01529 
-65.69725 
-195.72784 
1.87766 
-162.91135 
-115.15602 
-100.64538 
-219.29077 
-277.91487 
-137.49640 
-178.32613 
-55.65226 
-29.63786 
-17.60905 
90.78191 
-109.10285 
-43.20570 
21.92194 
-31.82279 
-80.31224 
-60.29115 
166.75103 
84.83539 
-45.66256 
-147.65846 
-76.65025 
-100.96717 
46.73233 
9.46466 
-37.07068 
-151.14136 
-385.61606 
-571.89879 
-346.46425 
1.73816 
27.14299 
34.61932 
22.90530 
16.81059 
-17.71214 
127.90904 
42.48475 
58.96951 
67.27235 
19.21137 
-6.24394 
-96.48787 
-26.64241 
3.04851 
13.09703 
10.52738 
-220.27857 
-214.22380 
39.55240 
33.43813 
190.54294 
180.75254 
-179.16159 
-175.32318 
-23.64636 
-60.95938 
-88.91876 
-70.83751 
-161.34169 
38.98329 
128.63324 
166.59981 
52.86630 
-176.26741 
-119.86815 
-57.73630 
22.19407 
-2.61186 
45.44295 
105.55257 
248.77180 
97.21027 
17.42054 
-137.82558 
-229.65116 
-186.63566 
-4.27133 
6.45735 
54.91470 
8.49606 
-74.00788 
-11.34909 
-90.69818 
114.60365 
174.87396 
105.74792 
207.16250 
203.32500 
122.31666 
98.96665 
-26.06670 
45.53326 
82.06652 
-80.53362 
-50.40057 
-6.80114 
9.06439 
53.46211 
28.92423 
8.18179 
-76.63642 
-140.93950 
36.12101 
16.90868 
52.15069 
3.30138 
-170.06391 
28.20551 
-0.58898 
-169.84462 
-354.35591 
-441.04515 
-275.42364 
-30.84728 
45.63878 
121.27756 
295.22178 
245.44356 
265.22045 
71.77423 
-90.11820 
-351.90307 
-334.13948 
-170.61230 
-85.89126 
-56.44919 
56.43496 
57.86992 
391.73985 
448.47970 
365.95940 
-20.74787 
-27.82908 
42.34184 
71.01701 
62.36736 
8.40139 
111.46944 
30.27221 
51.21108 
-91.57784 
-136.15567 
0.68865 
-24.62270 
63.75461 
84.17588 
13.68509 
59.03684 
89.07368 
40.48070 
-154.70527 
-221.41054 
-189.82108 
-72.30882 
22.38235 
38.76471 
3.52942 
1.72550 
185.45100 
388.56866 
210.13732 
245.94131 
-32.11738 
-29.90143 
-13.80287 
211.39426 
230.45520 
223.91039 
-101.17921 
-413.35843 
-171.71686 
-44.10038 
-609.20076 
-475.40151 
-287.80302 
-393.27271 
-790.87876 
-748.42418 
-133.18169 
53.30329 
-23.39341 
50.87984 
-17.24032 
85.18602 
224.03870 
19.74407 
48.15481 
-42.02372 
-154.38077 
-144.42822 
18.14357 
17.28714 
-78.42572 
-82.18478 
16.29710 
109.26087 
122.85507 
167.71014 
-20.24638 
-6.82609 
-54.98552 
-419.97104 
-169.27541 
-23.55081 
-6.76829 
-129.20325 
-264.73984 
-502.81301 
-118.62602 
-425.25204 
-57.17075 
-46.34149 
-38.68299 
63.63403 
157.60139 
-101.79723 
33.73888 
-45.85558 
-94.71116 
-127.75565 
-221.84464 
-87.68929 
11.95476 
41.57619 
43.48572 
5.30477 
-135.72380 
-93.78094 
80.43813 
170.54292 
156.08583 
80.17167 
-54.32333 
17.02000 
50.70668 
11.08002 
-13.50663 
40.98673 
-177.35987 
-169.71973 
-61.10613 
-25.54559 
-24.42452 
-182.18238 
-168.36476 
-81.72952 
-85.12570 
-206.25139 
-83.50279 
15.66109 
-158.34448 
-81.02230 
85.62206 
31.24413 
4.48826 
-66.69015 
-188.71364 
-29.42728 
-177.52123 
-456.70913 
-172.41827 
-246.16987 
-268.33973 
-377.34613 
-184.02560 
-79.71787 
-40.10241 
-16.53815 
21.59036 
-21.81928 
32.36143 
43.38953 
30.77906 
-125.77520 
-99.55041 
-181.10082 
-68.20164 
46.93006 
67.52678 
60.38689 
8.44045 
-14.78576 
-64.90485 
-73.80969 
14.38061 
-13.57211 
87.18911 
73.71156 
-24.24355 
-29.15376 
-126.30751 
-204.61503 
-157.89672 
8.20656 
-28.58688 
-79.50710 
-102.01419 
-17.69505 
48.27656 
92.88645 
9.77290 
-83.78753 
-193.57505 
-134.15010 
-8.96687 
-14.26708 
-29.86749 
-31.73498 
-81.13663 
-149.60660 
-207.21320 
-254.75974 
-157.51947 
-393.03894 
-347.41121 
-254.15576 
-112.97819 
-147.62304 
-41.57942 
17.84116 
0.01566 
39.69799 
303.06265 
211.12531 
76.58395 
18.83456 
-20.99755 
33.67156 
-66.65687 
-61.98041 
-45.62749 
45.07835 
58.82337 
141.64674 
192.62681 
109.92030 
-25.82608 
-30.98549 
-73.97097 
-208.94194 
-91.21722 
-7.43443 
16.13113 
215.26227 
199.85786 
162.04906 
16.09812 
21.86291 
39.05916 
-25.88168 
-2.09668 
286.47330 
242.94660 
172.55986 
18.78639 
22.90611 
171.47889 
137.62445 
-82.41776 
-131.50218 
-36.00437 
-57.67540 
-168.35079 
-254.70159 
-270.40318 
-28.13969 
12.05396 
56.77459 
55.88251 
261.09836 
259.19672 
-0.60657 
-43.54647 
-26.09294 
-100.51921 
-181.03842 
-172.07683 
-214.82033 
-80.30734 
-78.28134 
-189.22934 
-215.79202 
-148.58403 
-118.83474 
-37.00280 
-48.00561 
14.98878 
139.31090 
119.62180 
26.57693 
3.15386 
-30.02562 
-49.38457 
-54.76914 
92.12838 
-86.40991 
-74.48649 
-85.30630 
-75.61261 
-34.55855 
-63.11710 
-86.23419 
19.86495 
5.72990 
93.79314 
157.58628 
54.17256 
1.67845 
30.02356 
104.04712 
169.76090 
142.18846 
-54.28974 
15.08718 
-18.15897 
37.68205 
109.03078 
121.06155 
77.45644 
14.91287 
-12.84092 
-161.68184 
-244.36368 
-348.72735 
-418.78804 
-376.24275 
27.84783 
49.36233 
24.05800 
20.11599 
-4.76801 
-63.53602 
-16.73871 
-51.14410 
76.37847 
37.42361 
132.51390 
39.36112 
-21.61108 
-0.88884 
101.55566 
107.44466 
196.22264 
160.77862 
35.22391 
-44.88551 
-179.10436 
-214.87539 
-124.41745 
-137.83490 
195.33020 
195.99373 
318.65412 
234.64157 
-136.38353 
-8.76706 
-135.53412 
-6.40157 
66.53018 
73.39370 
58.12073 
67.57480 
-2.85040 
-30.36746 
-123.40158 
-52.80317 
30.06033 
-53.54600 
61.24133 
42.81598 
215.96530 
131.93061 
4.19454 
-113.94424 
-52.22182 
-64.44365 
-189.88729 
-185.44125 
84.45083 
88.90166 
158.80331 
203.60663 
234.21325 
135.75984 
22.18635 
20.37270 
-91.58792 
-171.17585 
-324.35170 
-318.70339 
-282.74012 
61.18643 
124.37286 
-39.25428 
-53.50857 
-114.01714 
-182.03428 
-224.40189 
20.86288 
80.39243 
100.45153 
146.56973 
43.80613 
45.61226 
121.22452 
41.44903 
-50.10193 
-39.53719 
30.59228 
28.51789 
-116.63089 
-289.92844 
-60.52355 
-159.38043 
-235.09418 
-156.85504 
-141.71007 
-22.75348 
18.49304 
86.31942 
-89.02783 
-260.05565 
-301.77797 
-374.88928 
-360.44523 
12.10953 
16.88574 
-10.56186 
18.20961 
16.41922 
52.50511 
105.34355 
146.35377 
-16.95913 
13.08173 
42.49680 
35.66026 
86.32053 
-58.02562 
4.28210 
127.56421 
115.46174 
13.59016 
62.18031 
66.36063 
-7.27875 
16.44251 
20.21834 
-8.22998 
-43.12663 
80.41341 
4.82683 
-75.34634 
-119.02602 
-157.38538 
-178.43742 
-149.87484 
-109.41635 
-29.83270 
-159.66541 
-199.33082 
-274.32830 
-192.32327 
88.02014 
108.37360 
29.08054 
147.16108 
96.65549 
56.97766 
-28.37802 
-29.08938 
-143.51209 
-130.02417 
-180.38168 
-1.43003 
66.47327 
-3.72013 
25.55975 
118.78616 
66.23898 
-248.85537 
-90.71073 
103.57854 
254.82375 
371.98082 
619.96165 
316.58996 
38.84659 
-78.64016 
-101.61365 
-89.56064 
-109.78794 
-248.90921 
-120.48508 
29.36317 
170.72635 
255.78603 
18.57205 
89.47744 
73.62154 
190.24308 
7.15283 
-123.69435 
-166.05537 
-227.77740 
-119.88813 
19.89040 
-55.55252 
-154.43838 
-252.54343 
3.24647 
162.82628 
157.31923 
237.97179 
226.61025 
95.88717 
79.10768 
30.21536 
-74.23596 
74.19476 
151.72285 
113.11236 
-78.44195 
82.78277 
-2.76780 
191.46439 
399.92879 
182.19091 
125.71516 
65.43032 
-44.13936 
-118.27873 
-248.89079 
-428.78157 
-428.56315 
-113.79296 
-31.91926 
-9.50519 
118.65629 
109.97925 
45.62516 
25.25032 
166.50063 
42.33460 
29.00253 
18.33840 
-38.98987 
-77.31308 
-65.62616 
-30.58564 
-6.17129 
-135.67591 
-361.68515 
-95.03696 
21.92607 
-26.81452 
-22.96238 
35.74192 
85.81717 
-23.03234 
-62.73134 
-111.12935 
-165.25869 
-185.51739 
-106.70144 
-21.40288 
-9.80576 
61.72182 
44.11031 
-7.11271 
-159.22543 
-248.78419 
-93.56839 
-111.80344 
-183.27354 
-232.21375 
-88.09416 
-16.52166 
-5.04331 
-54.75329 
-79.83992 
-58.01318 
128.30698 
101.28063 
46.22793 
32.78920 
-5.42161 
-76.50988 
-20.01976 
8.96048 
59.25430 
-36.49140 
-151.98280 
-191.63226 
-164.59786 
-127.19572 
20.27523 
23.21714 
123.76760 
159.20188 
21.73709 
17.14084 
-141.71832 
-384.43665 
-293.20662 
-37.74658 
62.50683 
5.01367 
-28.63933 
-8.27866 
36.44268 
101.88536 
44.10405 
-13.45858 
35.74952 
27.49903 
28.66473 
5.99612 
-132.34109 
-123.01552 
18.96896 
39.60460 
92.20919 
114.41838 
70.50343 
10.67353 
-29.31960 
-36.63920 
-28.61174 
45.10986 
97.21972 
36.43943 
-28.45447 
32.75773 
-34.48453 
-108.96906 
-58.93813 
39.45708 
6.91416 
134.16166 
197.98998 
90.64663 
14.95992 
-92.08016 
-142.49366 
-144.98732 
-200.30797 
-42.28260 
22.43479 
-38.79708 
-49.59417 
-12.85500 
-22.04333 
8.58000 
108.49334 
-12.34665 
-137.69329 
-279.71992 
-439.77318 
-680.21303 
-445.75939 
-2.85211 
2.96245 
23.59158 
